((("tao_a" .
   [1 0 0 0 0])
  ("throughput_analysis" .
   [0 0 0 0 0 0 0 0 0 0 0 1 0 0 0 0 0 0 0])
  ("h_i_2_aver" .
   [0 0 0 0 0 1 1 0 0 3])
  ("free_vector" .
   [1 0 0 0 0 0 0 0 0 0 0])
  ("possible" .
   [1 0 0 0 0 0 0 0])
  ("route" .
   [1 0 0 0 0])
  ("through" .
   [1 0 0 0 0 0 0])
  ("tableau" .
   [3 0 0 0 0 0 0])
  ("value" .
   [1 0 0 0 0])
  ("This" .
   [2 0 0 0])
  ("nrerror" .
   [1 0 0 0 0 0 0])
  ("that" .
   [1 0 0 0])
  ("returns" .
   [1 0 0 0 0 0 0])
  ("routine" .
   [1 0 0 0 0 0 0])
  ("this" .
   [1 0 0 0])
  ("vector" .
   [1 0 0 0 0 0])
  ("fabs" .
   [2 0 0 0])
  ("polint" .
   [1 0 0 0 0 0])
  ("d" .
   [2])
  ("parameters" .
   [1 0 0 0 0 0 0 0 0 0])
  ("simulation" .
   [1 0 0 0 0 0 0 0 0 0])
  ("main" .
   [1 0 0 0])
  ("tao9" .
   [4 0 0 0])
  ("fclose" .
   [3 0 0 0 0 0])
  ("fprintf" .
   [3 0 0 0 0 0 1])
  ("fopen" .
   [4 0 0 0 0])
  ("file" .
   [9 0 0 0])
  ("p_Ps" .
   [1 0 0 0])
  ("g_i_2" .
   [2 0 0 0 0])
  ("h_i_2" .
   [2 0 0 0 0])
  ("alpha_i_new" .
   [5 0 0 0 0 0 0 0 0 0 0])
  ("tao_i_new" .
   [10 0 0 0 0 0 0 0 0])
  ("E_i_new" .
   [11 0 0 0 0 0 0])
  ("tao8" .
   [2 0 0 0])
  ("p_Pr_d" .
   [6 0 0 0 0 0])
  ("p_Pr_s" .
   [5 0 0 0 1 0])
  ("delta_d" .
   [1 0 1 0 0 0 0])
  ("gamma_o" .
   [73 0 0 0 0 0 0])
  ("alpha" .
   [9 0 0 0 0])
  ("p_gamma_o" .
   [4 0 0 0 1 0 0 2 1])
  ("p_delta_d" .
   [12 0 0 0 0 0 0 0 0])
  ("P_gamma_o" .
   [0 0 0 0 0 0 0 0 1])
  ("adj_band" .
   [1 0 0 0 0 0 0 0])
  ("CODE_LENGTH" .
   [0 0 0 0 0 1 0 0 0 0 0])
  ("I" .
   [1])
  ("ccdf" .
   [1 0 0 0])
  ("SSPA_SMOOTHNESS" .
   [0 0 0 0 0 2 0 0 0 0 0 0 0 0 0])
  ("smoothness" .
   [1 0 0 0 0 0 0 0 0 0])
  ("denomi" .
   [2 0 0 0 0 1])
  ("rmax" .
   [2 0 0 0])
  ("romax" .
   [0 0 0 0 1])
  ("i" .
   [1])
  ("exit" .
   [1 0 0 0])
  ("cabs" .
   [2 0 0 0])
  ("column" .
   [3 0 0 0 1 0])
  ("fft_size" .
   [0 0 0 0 1 0 0 0])
  ("start_position" .
   [0 0 0 0 1 1 0 0 0 0 0 0 0 0])
  ("start" .
   [1 0 0 0 0])
  ("comment-region" .
   [1 0 0 0 0 0 0 0 0 0 0 0 0 0])
  ("OVERSAMPLING_RATE" .
   [0 0 0 0 4 0 0 0 0 0 0 0 0 0 0 0 0])
  ("FFTSIZE" .
   [1 0 0 0 4 3 0])
  ("creal" .
   [2 0 0 0 0])
  ("printf" .
   [18 0 0 0 0 1])
  ("complex" .
   [3 0 0 0 0 0 0])
  ("INFO_LENGTH" .
   [0 0 0 0 2 0 0 0 0 0 0])
  ("OFDM_LENGTH" .
   [1 0 0 0 2 1 0 0 0 0 0])
  ("auto-insert-alist" .
   [0 0 0 0 0 1 0 0 0 0 0 0 0 0 0 0 0])
  ("temp" .
   [1 0 0 0])
  ("free" .
   [1 0 0 0])
  ("allocated_user" .
   [0 0 0 0 1 0 0 0 0 0 0 0 0 0])
  ("cal_dist" .
   [0 0 0 0 1 0 0 0])
  ("sc_user_table" .
   [0 0 0 0 0 0 0 1 0 0 0 0 0])
  ("interval" .
   [3 0 0 0 0 1 0 0])
  ("USER数が整数になってない" .
   [0 0 0 0 2 0 0 0 0 0 0 0 0 0])
  ("double" .
   [1 0 0 0 0 0])
  ("sizeof" .
   [0 0 0 0 1 0])
  ("malloc" .
   [1 0 0 0 1 1])
  ("likelihood" .
   [0 0 0 0 0 0 3 0 0 0])
  ("Golay_QPSK" .
   [0 0 0 0 0 0 0 0 1 0])
  ("auto-insert-query" .
   [0 0 0 0 1 0 0 0 0 0 0 0 0 0 0 0 0])
  ("user_order" .
   [0 0 0 0 0 0 1 0 0 0])
  ("trial" .
   [6 0 0 0 0])
  ("TRIAL" .
   [10 0 0 0 0])
  ("hsum1" .
   [3 0 0 0 0])
  ("hsum2" .
   [5 0 0 0 0])
  ("FH_const_hop_interval_rev" .
   [1 0 0 0 0 0 0 0 0 0 0 0 0 0 0 0 0 0 0 0 0 0 0 0 0])
  ("sqrt" .
   [3 0 0 0])
  ("numer" .
   [1 0 0 0 0])
  ("denom" .
   [1 0 0 0 0])
  ("cimag" .
   [1 0 0 0 0])
  ("conj" .
   [1 0 0 0])
  ("q_temp" .
   [1 0 0 0 0 0])
  ("itelation" .
   [0 0 0 0 0 2 1 0 0])
  ("E_i_s" .
   [7 0 0 0 0])
  ("alpha_i_s" .
   [3 0 0 0 0 0 0 0 0])
  ("E_i_d" .
   [5 0 0 0 0])
  ("E_i_sd" .
   [4 0 0 0 0 0])
  ("tao_i_s" .
   [6 0 0 0 0 0 0])
  ("tao_i_d" .
   [5 0 0 0 0 0 0])
  ("tao_i_sd" .
   [5 0 0 0 0 0 0 0])
  ("alpha_i_d" .
   [3 0 0 0 0 0 0 0 0])
  ("alpha_i_sd" .
   [3 0 0 0 0 0 0 0 0 0])
  ("pr_o_s" .
   [2 0 0 0 0 0])
  ("pr_o_d" .
   [2 0 0 0 0 0])
  ("pr_o_sd" .
   [2 0 0 0 0 0 0])
  ("delta_r" .
   [91 0 0 0 0 0 0])
  ("delta" .
   [1 0 0 0 0])
  ("p_gamma_di" .
   [2 0 0 0 0 0 0 0 0 0])
  ("watt" .
   [1 0 0 0])
  ("SNR_S" .
   [9 0 0 0 0])
  ("SNR_R" .
   [8 0 0 0 0])
  ("log10" .
   [4 0 0 0 0])
  ("threshold_w" .
   [7 0 0 0 0 0 0 0 0 0 0])
  ("threshold" .
   [9 0 0 0 1 0 0 0 0])
  ("Ps_min" .
   [6 0 0 0 1 0])
  ("Ps_max" .
   [4 0 0 0 0 1])
  ("Ps_range" .
   [13 0 0 0 3 2 0 0])
  ("Threshold" .
   [0 0 0 0 0 0 0 1 1])
  ("add_Ps" .
   [15 0 0 0 1 0])
  ("Ps_w" .
   [4 0 0 0])
  ("Pr_w" .
   [4 0 0 0])
  ("SNR_2" .
   [5 0 0 0 0])
  ("Throughput" .
   [1 0 0 0 0 1 0 1 0 0])
  ("throughput2_counter" .
   [1 0 0 0 0 0 0 0 0 0 0 1 0 0 1 0 0 0 0])
  ("throughput2" .
   [3 0 0 0 0 0 0 0 0 0 0])
  ("SNR_3" .
   [2 0 0 0 0])
  ("throughput3_counter" .
   [2 0 0 0 0 0 0 0 0 0 0 1 0 0 0 0 0 0 0])
  ("throughput3" .
   [3 0 0 0 0 0 0 0 0 0 0])
  ("part" .
   [1 0 0 0])
  ("sigma_s_w" .
   [3 0 0 0 0 0 0 0 0])
  ("sigma_d_w" .
   [4 0 0 0 0 0 0 0 1])
  ("bessel1k" .
   [1 0 0 0 0 0 0 1])
  ("sigma_d" .
   [1 0 0 0 0 0 0])
  ("sigma_s" .
   [1 0 0 0 0 0 0])
  ("midinf" .
   [2 0 0 0 0 0])
  ("funk" .
   [1 0 0 0])))
